4294967294,0
4294967279,36
4294967279,35
4294967279,33
4294967279,30
4294967279,29
4294967279,28
4294967279,27
4294967279,26
4294967279,25
4294967279,24
4294967279,22
4294967279,19
4294967279,18
4294967279,17
4294967279,15
4294967279,14
4294967279,12
4294967279,11
4294967278,370
4294967278,212
4294967278,211
4294967278,210
45,7
45,0
45,6
4294967278,209
4294967278,208
4294967278,207
4294967278,206
4294967278,205
4294967278,204
4294967278,203
4294967278,202
4294967278,201
4294967278,200
4294967278,199
4294967278,198
4294967278,197
4294967278,196
4294967279,558
4294967279,0
4294967278,369
4294967278,194
4294967278,368
4294967278,0
4294967278,192
4294967278,310
4294967278,190
0,5
4294967294,7
4294967294,6
4294967294,22
4294967294,17
4294967294,39
4294967294,42
4294967294,67
4294967294,99
4294967294,76
4294967294,1416
4294967294,417
4294967294,51
4294967294,52
4294967294,470
4294967294,25
4294967294,946
4294967294,26
4294967294,970
4294967294,82
4294967294,1414
4294967294,83
4294967278,132
4294967278,131
4294967278,130
4294967278,129
4294967278,128
4294967278,127
4294967278,126
4294967278,125
4294967278,124
4294967278,123
4294967278,122
4294967278,121
4294967278,120
4294967278,119
4294967278,118
4294967278,117
4294967278,116
4294967278,115
4294967278,114
4294967278,113
4294967278,112
4294967278,111
4294967278,110
4294967278,109
4294967278,108
4294967278,107
4294967278,106
4294967278,105
4294967278,104
4294967278,103
4294967278,102
4294967278,101
4294967278,100
4294967278,99
4294967278,98
4294967278,97
4294967278,96
4294967278,95
4294967278,94
4294967278,93
4294967278,92
4294967278,91
4294967278,90
4294967278,89
4294967278,87
4294967278,86
4294967278,85
4294967278,84
4294967278,83
4294967278,82
4294967278,81
4294967278,80
4294967278,79
4294967278,78
4294967278,77
4294967278,76
4294967278,75
4294967278,74
4294967278,309
4294967278,73
4294967278,308
4294967278,72
4294967278,71
4294967278,307
4294967278,70
4294967278,69
4294967278,68
4294967278,67
4294967278,66
4294967278,65
4294967278,64
4294967278,63
4294967278,62
4294967278,61
4294967278,60
4294967278,59
4294967278,58
4294967278,57
4294967278,303
4294967278,56
4294967278,55
4294967278,54
4294967278,53
4294967279,59
4294967279,55
4294967279,51
4294967279,49
4294967279,48
4294967279,292
4294967279,45
4294967279,42
4294967279,39
4294967279,37
4294967279,34
4294967279,287
4294967279,32
4294967279,31
4294967279,23
4294967279,268
4294967279,21
4294967279,20
4294967279,266
4294967279,16
4294967279,13
4294967279,10
4294967279,9
4294967279,8
4294967279,7
4294967279,6
4294967279,5
4294967279,4
4294967294,5
4294967279,557
4294967278,367
4294967294,436
4294967279,556
4294967279,555
4294967294,1419
4294967294,1418
4294967294,1417
45,5
45,4
45,3
45,2
45,1
4294967278,366
43,4
43,3
43,2
43,1
4294967279,554
4294967279,553
4294967279,552
42,6
4294967278,365
4294967278,364
42,5
42,4
42,3
42,2
42,1
41,5
41,4
41,3
41,2
41,1
4294967278,363
40,5
40,4
40,3
40,2
40,1
4294967279,551
4294967279,550
39,5
39,4
39,3
39,2
39,1
4294967278,362
38,4
38,3
38,2
38,1
4294967279,549
37,4
37,3
37,2
37,1
36,5
36,4
36,3
36,2
36,1
4294967278,361
35,5
35,4
4294967278,360
35,3
35,2
35,1
4294967279,548
4294967278,359
4294967279,547
4294967278,358
34,5
34,4
34,3
34,2
34,1
4294967279,546
33,4
33,3
33,2
33,1
32,4
32,3
32,2
32,1
31,6
4294967279,545
4294967278,357
4294967278,356
31,5
31,4
31,3
31,2
31,1
30,5
30,4
30,3
30,2
30,1
4294967278,355
4294967279,544
4294967278,354
29,5
29,4
29,3
29,2
29,1
4294967279,543
4294967278,353
4294967279,542
28,5
28,4
28,3
28,2
28,1
4294967278,352
27,4
27,3
27,2
27,1
4294967279,541
4294967279,540
4294967278,351
4294967279,539
4294967279,538
4294967278,350
4294967279,537
4294967278,349
4294967278,348
4294967278,347
4294967279,536
4294967278,346
4294967278,345
4294967279,535
26,4
26,3
26,2
26,1
4294967278,344
4294967279,534
4294967278,343
25,6
4294967278,342
4294967279,533
4294967279,532
25,5
